Cell	NumberOfReads	AlignedToGenome	AlignedToTranscriptome	TranscriptomeUMIs	NumberOfGenes	CyclingScore	CyclingBinary	MutTranscripts	WtTranscripts	PredictionRF2	PredictionRefined	CellType	Score_HSC	Score_Prog	Score_GMP	Score_ProMono	Score_Mono	Score_cDC	Score_pDC	Score_earlyEry	Score_lateEry	Score_ProB	Score_B	Score_Plasma	Score_T	Score_CTL	Score_NK
AML371-D34_AATAAGTCATAA	50232	35262	18951	1890	866	-0.327	no			normal	normal	pDC	0.067	0.046	0.027	0.021	0.019	0.036	0.386	0.042	0.027	0.037	0.08	0.122	0.041	0.036	0.013
AML371-D34_AATTAAGGGGGG	24624	18816	11370	1229	723	0.475	yes			normal	normal	lateEry	0.054	0.037	0.027	0.018	0.01	0.011	0.021	0.224	0.437	0.028	0.034	0.027	0.033	0.022	0.017
AML371-D34_AGGGCTCTAACT	30017	22487	10605	1277	625	-0.394	no			normal	unclear	Mono	0.092	0.048	0.049	0.05	0.175	0.136	0.04	0.023	0.018	0.047	0.094	0.041	0.073	0.071	0.043
AML371-D34_AGTCTTGAGAGC	31501	21721	13109	1366	554	0.158	no			normal	normal	lateEry	0.036	0.034	0.036	0.082	0.121	0.073	0.034	0.099	0.267	0.047	0.064	0.012	0.051	0.035	0.009
AML371-D34_AGTTACGATTCT	121579	93199	37711	4287	1619	-0.554	no			malignant	unclear	Mono	0.046	0.042	0.034	0.123	0.266	0.192	0.078	0.034	0.014	0.021	0.039	0.023	0.041	0.028	0.019
AML371-D34_ATAAACGGAGCC	90050	66235	48638	3993	1641	-0.668	no			normal	unclear	cDC	0.051	0.091	0.153	0.114	0.044	0.166	0.122	0.068	0.018	0.041	0.031	0.055	0.015	0.014	0.017
AML371-D34_ATATCAGCTTTT	165564	130174	89017	8410	2292	-0.677	no			normal	unclear	cDC	0.029	0.03	0.036	0.135	0.228	0.336	0.048	0.032	0.009	0.011	0.041	0.012	0.02	0.016	0.017
AML371-D34_ATCTAACAGGTT	257118	198018	93999	11518	2933	0.904	yes			normal	normal	earlyEry	0.044	0.051	0.043	0.01	0.009	0.012	0.035	0.423	0.216	0.08	0.012	0.015	0.014	0.02	0.016
AML371-D34_ATGATTAGACGG	29751	22023	15371	1199	535	-0.417	no			normal	normal	T	0.067	0.043	0.03	0.013	0.019	0.021	0.035	0.049	0.058	0.038	0.085	0.03	0.308	0.155	0.049
AML371-D34_ATTTTACATAAC	20649	13602	9760	1914	850	-0.546	no			normal	unclear	cDC	0.047	0.094	0.051	0.063	0.121	0.315	0.067	0.032	0.021	0.03	0.054	0.014	0.027	0.034	0.03
AML371-D34_CAACAGTAATCG	28799	22048	9355	1001	510	-0.344	no			normal	unclear	Mono	0.059	0.046	0.035	0.068	0.245	0.049	0.036	0.045	0.021	0.034	0.081	0.055	0.065	0.114	0.047
AML371-D34_CAATTGGGCTTT	44484	32899	21731	1617	672	-0.432	no			normal	normal	CTL	0.022	0.03	0.021	0.009	0.009	0.019	0.018	0.03	0.013	0.03	0.05	0.014	0.21	0.302	0.223
AML371-D34_CATTGTGACGTG	33297	25030	18497	1170	586	-0.452	no			normal	unclear	GMP	0.04	0.094	0.235	0.146	0.034	0.094	0.061	0.066	0.022	0.036	0.046	0.028	0.042	0.046	0.01
AML371-D34_CCGTAGTATCTC	28383	20625	14452	1381	535	-0.389	no			normal	normal	T	0.168	0.063	0.027	0.011	0.016	0.023	0.019	0.074	0.029	0.054	0.11	0.02	0.234	0.105	0.047
AML371-D34_CTAGCACCTGGN	115548	81904	57361	3697	1171	-0.318	no			normal	unclear	Prog	0.193	0.255	0.095	0.044	0.024	0.039	0.031	0.105	0.037	0.052	0.026	0.017	0.036	0.03	0.016
AML371-D34_CTATCGGTGAGG	202665	150651	82574	6975	1907	1.457	yes			normal	normal	lateEry	0.006	0.006	0.009	0.007	0.004	0.007	0.018	0.122	0.772	0.014	0.004	0.011	0.007	0.007	0.006
AML371-D34_CTCAGTCAATCT	111725	81682	58842	4032	1355	-0.47	no			normal	unclear	Mono	0.018	0.018	0.007	0.107	0.6	0.073	0.035	0.031	0.024	0.01	0.018	0.015	0.013	0.018	0.013
AML371-D34_CTGGAGTTGAAA	34443	25866	13923	1146	591	-0.14	no			malignant	unclear	ProMono	0.069	0.071	0.187	0.217	0.091	0.046	0.029	0.058	0.033	0.02	0.056	0.023	0.037	0.046	0.017
AML371-D34_CTTAGGCATTGN	41387	26523	16305	2533	880	-0.451	no			normal	normal	Plasma	0.015	0.02	0.013	0.01	0.009	0.016	0.054	0.023	0.01	0.013	0.019	0.725	0.032	0.029	0.012
AML371-D34_GAGCCAATGGCC	44849	33167	23688	1698	714	0.286	no			normal	normal	pDC	0.069	0.07	0.053	0.022	0.019	0.059	0.264	0.055	0.027	0.073	0.071	0.075	0.062	0.047	0.034
AML371-D34_GATTAGTTAGTN	32417	23836	16560	1354	612	0.045	no			normal	normal	lateEry	0.065	0.077	0.052	0.021	0.02	0.025	0.046	0.215	0.247	0.069	0.025	0.04	0.042	0.04	0.016
AML371-D34_GCTGGCCAAGAA	44857	29810	18763	2598	1037	-0.232	no		NRAS.wt/4105	normal	normal	pDC	0.094	0.113	0.082	0.047	0.027	0.073	0.208	0.08	0.023	0.027	0.045	0.031	0.056	0.059	0.035
AML371-D34_GCTGTCTTTCGA	120118	88096	67754	4294	1421	-0.763	no			malignant	unclear	Mono	0.033	0.024	0.041	0.211	0.399	0.133	0.024	0.039	0.016	0.019	0.016	0.015	0.013	0.008	0.009
AML371-D34_GGAAATTGAGTG	54045	41984	19645	1399	650	-0.425	no			normal	normal	NK	0.036	0.027	0.008	0.004	0.011	0.008	0.026	0.019	0.009	0.028	0.044	0.032	0.114	0.213	0.421
AML371-D34_GGAAGAGAGGCT	140269	99591	70452	4728	1348	-0.195	no			normal	unclear	GMP	0.117	0.221	0.256	0.054	0.007	0.028	0.039	0.107	0.028	0.073	0.015	0.017	0.017	0.013	0.008
AML371-D34_GGCACCGTTTGG	122972	92368	60882	4746	1548	0.677	yes		NRAS.wt/5196	normal	normal	lateEry	0.01	0.023	0.007	0.009	0.004	0.009	0.02	0.158	0.71	0.019	0.007	0.009	0.004	0.005	0.006
AML371-D34_GGGACCGAGCAA	106736	79950	43646	3513	1355	0.547	yes			normal	unclear	cDC	0.073	0.061	0.057	0.068	0.062	0.23	0.107	0.043	0.019	0.057	0.087	0.029	0.038	0.038	0.031
AML371-D34_GGTGGCTTCCTG	31891	24173	18705	1699	739	0.654	yes			normal	normal	lateEry	0.043	0.076	0.036	0.009	0.012	0.014	0.019	0.234	0.377	0.049	0.02	0.042	0.03	0.02	0.019
AML371-D34_TATTCGAACATN	35735	26933	19561	1837	638	-0.411	no			normal	normal	T	0.092	0.074	0.026	0.015	0.01	0.02	0.025	0.109	0.043	0.038	0.077	0.037	0.291	0.104	0.039
AML371-D34_TCTCAAGTTAGG	37763	27098	16389	3218	1204	1.554	yes			normal	normal	lateEry	0.03	0.034	0.016	0.008	0.006	0.009	0.035	0.193	0.542	0.059	0.011	0.017	0.011	0.02	0.009
AML371-D34_TCTGTTGACGTT	16514	12158	8703	1166	616	-0.205	no			normal	unclear	GMP	0.051	0.099	0.223	0.171	0.076	0.09	0.027	0.067	0.03	0.025	0.034	0.012	0.04	0.031	0.024
AML371-D34_TTAACAAGTTAT	48329	36950	18357	1976	921	-0.54	no			normal	normal	GMP	0.05	0.067	0.149	0.131	0.081	0.084	0.039	0.043	0.014	0.054	0.056	0.017	0.133	0.051	0.031
AML371-D34_ATCCTGTTTGCG	18427	11278	7509	1725	675	0.087	no			normal	unclear	GMP	0.044	0.088	0.308	0.129	0.04	0.042	0.022	0.067	0.095	0.021	0.033	0.028	0.033	0.03	0.02
AML371-D34_ATTCGCATAATC	14576	10322	5230	1188	593	-0.4	no			normal	normal	T	0.062	0.043	0.022	0.006	0.014	0.027	0.023	0.046	0.027	0.036	0.113	0.06	0.309	0.155	0.057
AML371-D34_CTAAAGCCGAGN	20868	13829	10153	1399	690	-0.521	no			normal	unclear	cDC	0.054	0.05	0.049	0.066	0.083	0.251	0.153	0.032	0.012	0.037	0.081	0.026	0.035	0.046	0.025
AML371-D34_AACAATAAGGGN	14134	9055	5255	1301	608	1.56	yes			normal	normal	lateEry	0.016	0.016	0.009	0.003	0.007	0.009	0.03	0.123	0.634	0.024	0.018	0.021	0.039	0.034	0.017
AML371-D34_AAGCGGAAATAT	49893	32023	23446	4727	1910	-0.171	no			normal	normal	lateEry	0.029	0.038	0.02	0.011	0.01	0.011	0.026	0.218	0.574	0.026	0.013	0.005	0.01	0.004	0.005
AML371-D34_ATTGCGACACGT	37236	24037	17303	3666	1343	-0.348	no			normal	normal	earlyEry	0.079	0.118	0.072	0.016	0.005	0.022	0.025	0.418	0.106	0.043	0.017	0.024	0.025	0.025	0.005
AML371-D34_CATGTAGCTCTT	60654	39300	28501	5165	1435	0.77	yes		NRAS.wt/239	normal	unclear	GMP	0.022	0.07	0.55	0.111	0.014	0.029	0.011	0.056	0.009	0.027	0.006	0.004	0.012	0.01	0.069
AML371-D34_CGACCTCAAAGN	110181	68481	51872	8473	2632	1.321	yes			normal	normal	lateEry	0.017	0.031	0.023	0.014	0.005	0.011	0.01	0.377	0.452	0.031	0.001	0.009	0.008	0.004	0.007
AML371-D34_CGTAAGGTATTN	18919	12161	7732	1530	709	0.4	yes			normal	unclear	Prog	0.115	0.325	0.11	0.014	0.012	0.025	0.051	0.106	0.026	0.082	0.034	0.02	0.024	0.025	0.031
AML371-D34_GCGCTGGCAATN	103651	67518	49370	7753	2308	0.328	no		NRAS.wt/42	normal	unclear	ProMono	0.014	0.037	0.231	0.432	0.063	0.091	0.021	0.037	0.003	0.018	0.011	0.013	0.009	0.006	0.014
AML371-D34_GGATTATGCTTA	55176	38104	15850	2992	1364	0.687	yes			normal	unclear	cDC	0.051	0.076	0.071	0.155	0.116	0.262	0.059	0.065	0.016	0.043	0.024	0.017	0.012	0.019	0.014
AML371-D34_CACATGAATTTA	46017	29173	20357	3671	1412	1.277	yes			normal	unclear	Mono	0.02	0.008	0.034	0.308	0.468	0.084	0.019	0.018	0.003	0.012	0.011	0.004	0.006	0.001	0.004
AML371-D34_CACATTCGTTTC	13641	9173	6431	1256	626	-0.183	no			normal	unclear	Prog	0.221	0.237	0.057	0.016	0.01	0.015	0.03	0.108	0.031	0.072	0.061	0.022	0.059	0.035	0.026
AML371-D34_GCGATCATTTCN	70602	47185	32491	5509	1798	1.08	yes			normal	unclear	Mono	0.007	0.013	0.041	0.338	0.407	0.115	0.02	0.012	0.005	0.008	0.006	0.005	0.006	0.005	0.012
AML371-D34_CCGGAGAAATAG	15534	10238	5996	1314	740	-0.507	no			normal	unclear	Mono	0.04	0.018	0.022	0.102	0.478	0.11	0.025	0.019	0.002	0.017	0.052	0.021	0.036	0.035	0.023
AML371-D34_GCTGCACATGTT	86297	55092	36874	6208	1807	0.816	yes			normal	normal	lateEry	0.009	0.008	0.012	0.004	0.002	0.012	0.002	0.132	0.791	0.007	0.005	0.009	0.003	0	0.004
AML371-D34_GGAGGTGACCGG	22975	15542	11774	1679	729	1.034	yes			normal	normal	pDC	0.08	0.127	0.063	0.023	0.014	0.062	0.188	0.111	0.042	0.098	0.058	0.039	0.036	0.032	0.027
AML371-D34_CGGCTCCTACCN	21898	15063	9831	1738	761	-0.469	no			normal	unclear	Mono	0.066	0.063	0.062	0.087	0.241	0.167	0.038	0.035	0.009	0.036	0.072	0.02	0.043	0.035	0.026
AML371-D34_CGTTTCTCTGAC	27537	18275	11393	1800	902	-0.535	no			normal	unclear	ProMono	0.041	0.031	0.069	0.328	0.251	0.078	0.042	0.02	0.017	0.015	0.03	0.025	0.017	0.023	0.013
AML371-D34_GGAGTCGCGTCG	29591	19371	12352	2636	916	-0.381	no			normal	unclear	cDC	0.061	0.045	0.038	0.074	0.164	0.209	0.048	0.03	0.015	0.028	0.084	0.022	0.035	0.1	0.047
AML371-D34_TCTCCCTGATAA	24060	15242	11049	2788	1336	-0.372	no			normal	normal	earlyEry	0.072	0.089	0.047	0.016	0.008	0.013	0.024	0.442	0.186	0.044	0.011	0.007	0.013	0.017	0.011
AML371-D34_TTACGTAGGTCC	39030	25342	17506	3829	1466	1.191	yes			normal	normal	Prog	0.123	0.202	0.064	0.015	0.005	0.039	0.163	0.097	0.013	0.116	0.044	0.061	0.024	0.023	0.011
AML371-D34_CGCAGTTCGCAN	89350	59306	44035	5706	1940	0.927	yes			normal	unclear	cDC	0.014	0.033	0.077	0.278	0.102	0.368	0.026	0.024	0.011	0.018	0.01	0.015	0.01	0.005	0.009
AML371-D34_CTAACAGTAGTA	42753	26764	19446	3803	1368	-0.411	no			normal	unclear	GMP	0.081	0.112	0.283	0.197	0.046	0.061	0.02	0.055	0.015	0.029	0.021	0.015	0.025	0.022	0.018
AML371-D34_TAAGTTCTTGAG	25619	17895	10689	2181	944	-0.501	no			normal	unclear	Mono	0.042	0.037	0.03	0.107	0.408	0.177	0.022	0.022	0.009	0.018	0.036	0.009	0.039	0.024	0.02
AML371-D34_TAGATCGATCAC	20895	13224	9428	2006	909	0.74	yes			normal	normal	pDC	0.061	0.092	0.064	0.027	0.008	0.072	0.173	0.099	0.045	0.169	0.057	0.023	0.039	0.025	0.046
AML371-D34_CTCACCAGTGCT	62479	38193	28002	4712	1593	0.11	no			normal	unclear	Prog	0.094	0.251	0.105	0.021	0.008	0.063	0.105	0.163	0.014	0.109	0.014	0.008	0.018	0.015	0.012
AML371-D34_GAGACATATGGG	41292	24944	17516	3115	1267	0.785	yes			normal	normal	lateEry	0.014	0.008	0.012	0.006	0.001	0.006	0.005	0.108	0.795	0.009	0.004	0.02	0.006	0.004	0.002
AML371-D34_GGGACACAGCAA	14951	9756	7145	1032	555	-0.453	no			normal	normal	pDC	0.098	0.072	0.042	0.015	0.016	0.029	0.153	0.085	0.031	0.066	0.078	0.039	0.127	0.098	0.051
AML371-D34_AGAACGCATTCC	86667	55207	37441	8376	2724	0.71	yes			normal	normal	lateEry	0.01	0.013	0.015	0.015	0.005	0.008	0.016	0.328	0.548	0.02	0.003	0.011	0.004	0.003	0.001
AML371-D34_CTGCGCGCTCCA	44555	29432	22477	3725	1475	0.796	yes			normal	unclear	cDC	0.025	0.027	0.051	0.23	0.15	0.338	0.026	0.017	0.011	0.018	0.037	0.021	0.013	0.022	0.014
AML371-D34_GAATCGCGGAAC	16668	10745	7512	1095	525	-0.394	no			normal	unclear	Mono	0.027	0.03	0.041	0.115	0.352	0.175	0.014	0.01	0.008	0.021	0.05	0.063	0.033	0.041	0.02
AML371-D34_GATTTCACTCCT	34847	23553	17835	3025	1256	-0.285	no			malignant	unclear	ProMono	0.039	0.053	0.061	0.242	0.206	0.129	0.041	0.048	0.028	0.029	0.02	0.025	0.031	0.028	0.02
AML371-D34_CTAAAGTGACAN	38588	24471	17926	3107	1159	-0.181	no			normal	unclear	Prog	0.176	0.285	0.16	0.025	0.008	0.021	0.045	0.126	0.032	0.052	0.022	0.007	0.017	0.015	0.009
AML371-D34_CTAATATGAATG	16457	11032	6485	1065	523	-0.388	no			normal	normal	CTL	0.064	0.058	0.034	0.013	0.005	0.009	0.027	0.059	0.011	0.037	0.151	0.058	0.155	0.192	0.127
AML371-D34_TGCCCTGTTGGT	35651	23545	14983	3482	1242	-0.336	no			normal	unclear	Mono	0.04	0.028	0.036	0.088	0.424	0.127	0.028	0.017	0.014	0.018	0.037	0.058	0.027	0.037	0.021
AML371-D34_TGTTTCCATGCA	32695	22628	11508	2781	1248	-0.484	no			normal	unclear	Prog	0.223	0.25	0.072	0.015	0.006	0.021	0.025	0.07	0.014	0.077	0.037	0.027	0.058	0.054	0.051
AML371-D34_TATTTCATCCCC	11481	7846	6009	1505	757	-0.29	no			malignant	unclear	ProMono	0.068	0.08	0.087	0.156	0.12	0.088	0.043	0.06	0.018	0.035	0.046	0.059	0.054	0.057	0.029
AML371-D34_AGATGTCTGGCA	54051	36439	27402	4770	1851	0.288	no			normal	normal	lateEry	0.011	0.025	0.018	0.021	0.01	0.016	0.009	0.275	0.556	0.025	0.012	0.007	0.003	0.01	0.002
AML371-D34_CGGGTCGCGTTA	21351	12959	6028	1565	636	-0.398	no			normal	normal	Plasma	0.067	0.053	0.034	0.017	0.02	0.025	0.079	0.056	0.043	0.053	0.077	0.268	0.081	0.105	0.022
AML371-D34_CACACGCACGGA	16417	10435	7175	1209	696	0.605	yes			normal	unclear	Mono	0.039	0.048	0.065	0.25	0.266	0.09	0.03	0.037	0.01	0.029	0.042	0.015	0.027	0.035	0.017
AML371-D34_CGAAGGGAGGGT	17413	11840	7778	1239	660	0.492	yes			normal	normal	ProB	0.065	0.073	0.046	0.04	0.022	0.144	0.099	0.098	0.044	0.166	0.066	0.01	0.04	0.04	0.047
AML371-D34_CCACGACAGCGN	21357	14171	9777	1495	783	-0.311	no			normal	unclear	Mono	0.022	0.024	0.037	0.244	0.394	0.129	0.012	0.016	0.009	0.013	0.033	0.01	0.017	0.023	0.017
AML371-D34_GAGGTTACCTTA	57361	36465	27545	4680	1711	0.947	yes			normal	unclear	ProMono	0.011	0.029	0.258	0.499	0.051	0.056	0.008	0.023	0.011	0.012	0.008	0.009	0.011	0.007	0.007
AML371-D34_CGATTTCGCATN	48403	31494	22177	3225	1315	1.466	yes			normal	unclear	Mono	0.012	0.014	0.043	0.207	0.439	0.144	0.017	0.019	0.008	0.015	0.011	0.028	0.018	0.014	0.011
AML371-D34_GCAGAGTGCAAC	25930	16454	12266	1949	831	0.098	no			normal	unclear	Prog	0.16	0.176	0.078	0.026	0.025	0.062	0.134	0.069	0.006	0.054	0.053	0.032	0.049	0.047	0.029
AML371-D34_GCGCAGCATGTN	54630	34469	24697	4500	1497	0.305	no			normal	unclear	GMP	0.021	0.049	0.488	0.245	0.035	0.045	0.012	0.028	0.012	0.022	0.006	0.018	0.009	0.006	0.004
AML371-D34_TAGCTCTTGAAC	43886	28720	21423	4791	1793	1.363	yes		NRAS.wt/6661	normal	normal	lateEry	0.013	0.01	0.005	0.003	0.002	0.007	0.036	0.19	0.664	0.019	0.008	0.03	0.005	0.004	0.004
AML371-D34_TATTCATCCCCN	11348	7548	5660	1502	757	-0.264	no			normal	unclear	ProMono	0.058	0.057	0.11	0.17	0.115	0.105	0.049	0.083	0.033	0.036	0.03	0.06	0.038	0.031	0.025
AML371-D34_AAGCTGCTGAAT	17042	11141	7908	1633	759	-0.533	no			normal	unclear	GMP	0.073	0.111	0.285	0.202	0.058	0.047	0.028	0.065	0.022	0.02	0.015	0.017	0.026	0.018	0.013
AML371-D34_CTCTTTTATATN	68709	43270	29679	5362	1911	1.462	yes			normal	normal	T	0.03	0.057	0.045	0.036	0.019	0.086	0.059	0.095	0.062	0.112	0.048	0.038	0.137	0.101	0.075
AML371-D34_CTTCATTCAGAN	14496	9490	7144	1176	673	-0.105	no			normal	normal	lateEry	0.044	0.06	0.034	0.031	0.048	0.044	0.081	0.192	0.209	0.066	0.037	0.028	0.057	0.046	0.023
AML371-D34_CTAAGGCATGAA	29847	19559	12498	1915	1026	0.665	yes			normal	unclear	ProMono	0.035	0.056	0.107	0.225	0.164	0.151	0.045	0.039	0.011	0.03	0.03	0.022	0.033	0.028	0.024
AML371-D34_GTCCGACCGTAC	26045	15771	10047	1403	662	-0.418	no			normal	normal	Plasma	0.028	0.028	0.04	0.023	0.008	0.023	0.096	0.035	0.015	0.028	0.072	0.446	0.075	0.057	0.026
AML371-D34_AACTTTGTTAAN	14036	9558	6118	1347	686	-0.46	no			normal	unclear	Mono	0.089	0.055	0.04	0.068	0.148	0.099	0.069	0.029	0.02	0.026	0.137	0.051	0.053	0.064	0.052
AML371-D34_AATTTTAAGAGC	18461	12262	8841	1927	899	-0.577	no			normal	unclear	Mono	0.023	0.021	0.026	0.176	0.48	0.117	0.017	0.019	0.009	0.02	0.027	0.011	0.024	0.019	0.011
AML371-D34_ACATCACATTTA	17062	11162	7161	1858	859	-0.509	no			malignant	unclear	Mono	0.062	0.05	0.031	0.09	0.277	0.135	0.022	0.034	0.039	0.032	0.079	0.037	0.039	0.046	0.027
AML371-D34_ACTATATCAATA	14844	9079	6299	1843	948	1.056	yes			normal	unclear	ProMono	0.019	0.028	0.133	0.401	0.144	0.11	0.02	0.029	0.008	0.017	0.013	0.023	0.024	0.019	0.012
AML371-D34_ACTCCCGCGGAA	11862	7576	5017	1276	703	-0.251	no			normal	unclear	cDC	0.044	0.05	0.044	0.122	0.196	0.238	0.049	0.018	0.011	0.054	0.062	0.008	0.034	0.045	0.025
AML371-D34_ACTGATAGCCTG	12507	8164	5880	1730	917	1.626	yes			normal	unclear	Mono	0.008	0.02	0.028	0.222	0.474	0.122	0.014	0.011	0.011	0.013	0.02	0.01	0.014	0.016	0.017
AML371-D34_AGCGCATGACAA	9970	6450	4479	1055	599	0.958	yes			normal	unclear	Mono	0.03	0.04	0.037	0.182	0.382	0.111	0.018	0.024	0.013	0.028	0.021	0.009	0.043	0.037	0.025
AML371-D34_AGTGAATCCAGA	22477	15181	10498	2303	1042	-0.423	no			normal	unclear	ProMono	0.044	0.06	0.187	0.305	0.061	0.075	0.048	0.043	0.03	0.019	0.02	0.064	0.017	0.018	0.009
AML371-D34_ATCAAGGACGCC	18959	12554	7923	1819	854	1.04	yes			normal	unclear	GMP	0.106	0.183	0.215	0.056	0.019	0.031	0.035	0.078	0.03	0.127	0.016	0.027	0.026	0.038	0.013
AML371-D34_CACGACCGTTCN	13817	9508	6717	1234	667	-0.424	no			normal	unclear	Mono	0.038	0.029	0.025	0.092	0.269	0.198	0.049	0.031	0.012	0.023	0.056	0.026	0.063	0.056	0.033
AML371-D34_CACGAGAAGTAA	32111	21430	15497	2642	1170	0.682	yes			normal	unclear	Prog	0.084	0.214	0.118	0.027	0.013	0.046	0.056	0.188	0.039	0.125	0.022	0.011	0.029	0.015	0.013
AML371-D34_CATTCAGATTTA	37539	24788	17072	3030	1107	-0.286	no			malignant	unclear	Prog	0.165	0.269	0.104	0.027	0.007	0.048	0.083	0.102	0.027	0.043	0.031	0.032	0.027	0.017	0.018
AML371-D34_CATTTAGTTTAG	13866	9721	6168	1140	500	-0.347	no			normal	normal	T	0.137	0.086	0.025	0.015	0.02	0.026	0.028	0.063	0.036	0.05	0.122	0.04	0.179	0.119	0.054
AML371-D34_CCAATTAGCACN	18366	12201	8576	1489	779	-0.242	no			normal	unclear	Mono	0.022	0.018	0.016	0.116	0.577	0.079	0.009	0.015	0.006	0.013	0.029	0.025	0.036	0.029	0.01
AML371-D34_CCGAAAGAAGAC	12730	7795	5700	1152	645	0.045	no			normal	unclear	cDC	0.032	0.049	0.05	0.111	0.146	0.189	0.096	0.039	0.019	0.025	0.107	0.025	0.037	0.038	0.037
AML371-D34_CCTTTGTCGTCN	10283	7368	5062	1106	550	-0.377	no			normal	unclear	Mono	0.025	0.03	0.028	0.121	0.51	0.08	0.021	0.019	0.008	0.02	0.028	0.01	0.043	0.036	0.021
AML371-D34_CGCATAAAAAGA	29402	18725	14231	2243	999	0.305	no			normal	unclear	ProMono	0.035	0.045	0.125	0.207	0.074	0.147	0.031	0.081	0.137	0.032	0.027	0.016	0.014	0.021	0.008
AML371-D34_CGGCGTTGCACT	24658	16404	11508	2051	704	-0.492	no			normal	unclear	GMP	0.046	0.075	0.454	0.165	0.027	0.021	0.013	0.054	0.015	0.019	0.009	0.04	0.022	0.022	0.018
AML371-D34_CGTCGTTCTCCC	39467	25916	18382	2707	1038	-0.576	no			malignant	unclear	Mono	0.055	0.04	0.033	0.11	0.34	0.199	0.03	0.03	0.015	0.031	0.043	0.016	0.03	0.014	0.014
AML371-D34_CTTGCTAACAAC	18812	12592	7631	1154	596	-0.389	no			normal	unclear	Mono	0.023	0.021	0.026	0.081	0.5	0.103	0.032	0.02	0.012	0.016	0.042	0.026	0.035	0.029	0.034
AML371-D34_CTTTTAGGATAT	14656	10070	6682	1097	597	-0.444	no			normal	unclear	Mono	0.035	0.045	0.037	0.081	0.331	0.114	0.057	0.031	0.017	0.019	0.072	0.038	0.039	0.053	0.031
AML371-D34_GAACTGGCGTTG	17977	11964	7917	1342	553	-0.366	no			normal	unclear	Prog	0.158	0.183	0.156	0.035	0.025	0.027	0.054	0.086	0.025	0.032	0.023	0.036	0.092	0.044	0.024
AML371-D34_GAGTGGAAATTA	15484	10352	6977	1016	529	-0.42	no			normal	unclear	Mono	0.068	0.066	0.051	0.081	0.226	0.154	0.03	0.036	0.008	0.031	0.074	0.014	0.059	0.068	0.034
AML371-D34_GCAACTCCAAGC	11872	7622	5477	1091	513	-0.36	no			normal	normal	T	0.079	0.06	0.031	0.011	0.02	0.013	0.014	0.049	0.023	0.045	0.052	0.03	0.314	0.201	0.058
AML371-D34_GGCACTCGGGTC	18434	12312	8501	1381	581	-0.392	no			normal	unclear	HSC	0.251	0.206	0.039	0.007	0.011	0.02	0.034	0.115	0.029	0.071	0.049	0.02	0.074	0.048	0.026
AML371-D34_GGCTTGATTGTN	14068	9319	6527	1239	605	-0.121	no			normal	unclear	ProMono	0.048	0.067	0.215	0.27	0.068	0.064	0.04	0.07	0.043	0.029	0.02	0.013	0.024	0.02	0.009
AML371-D34_GGTCCGAAAGGN	14478	10060	7214	1032	545	-0.448	no			normal	normal	B	0.052	0.069	0.032	0.046	0.07	0.162	0.1	0.026	0.008	0.038	0.195	0.033	0.067	0.06	0.042
AML371-D34_GGTGTTTCTTCA	27222	18618	13929	2590	1175	-0.022	no			normal	unclear	ProMono	0.05	0.066	0.145	0.237	0.078	0.105	0.063	0.066	0.015	0.025	0.02	0.039	0.021	0.025	0.045
AML371-D34_TAAATCTCAGTG	28455	18855	13593	3030	1162	-0.69	no			normal	unclear	GMP	0.066	0.102	0.496	0.079	0.01	0.014	0.029	0.051	0.006	0.012	0.02	0.066	0.024	0.015	0.01
AML371-D34_TACCGTGCCTGC	17924	11940	8899	1895	845	-0.036	no			normal	unclear	Prog	0.265	0.351	0.075	0.009	0.004	0.013	0.053	0.074	0.015	0.044	0.015	0.022	0.028	0.018	0.014
AML371-D34_TAGCGTGATCCT	34780	23776	16136	3380	1261	-0.506	no			normal	unclear	Prog	0.184	0.319	0.106	0.014	0.012	0.03	0.062	0.091	0.023	0.074	0.015	0.016	0.03	0.016	0.008
AML371-D34_TCATTCGACGCT	18380	12052	8712	1882	897	0.32	no			normal	unclear	GMP	0.083	0.134	0.198	0.1	0.028	0.071	0.07	0.107	0.029	0.054	0.031	0.029	0.027	0.023	0.016
AML371-D34_TCCGGTTGCTCC	23067	15107	9976	2429	1039	-0.338	no			normal	unclear	GMP	0.165	0.196	0.229	0.04	0.006	0.021	0.04	0.096	0.025	0.044	0.029	0.034	0.03	0.03	0.015
AML371-D34_TCTGGGCCGCCT	8891	5651	3922	1069	602	0.399	yes			normal	unclear	Mono	0.03	0.027	0.04	0.172	0.365	0.105	0.024	0.053	0.036	0.032	0.026	0.009	0.034	0.021	0.026
AML371-D34_TGCCGCATTTTC	11588	8181	5558	1090	583	-0.127	no			normal	unclear	Mono	0.05	0.046	0.04	0.078	0.332	0.094	0.028	0.02	0.01	0.032	0.099	0.02	0.049	0.061	0.041
AML371-D34_TGCGTGCCTTGT	12359	8669	5837	1405	669	0.142	no			normal	unclear	Mono	0.025	0.026	0.027	0.081	0.332	0.107	0.031	0.036	0.027	0.013	0.057	0.018	0.054	0.104	0.062
AML371-D34_TGGGCACTTCTN	9876	7018	5023	1420	782	0.467	yes			normal	unclear	Mono	0.039	0.021	0.054	0.224	0.286	0.154	0.039	0.024	0.01	0.031	0.034	0.012	0.028	0.019	0.025
AML371-D34_TGTCTTAAGTCG	13439	9244	6678	1459	761	-0.484	no			normal	unclear	Mono	0.031	0.029	0.033	0.174	0.346	0.124	0.025	0.026	0.013	0.019	0.047	0.031	0.037	0.037	0.028
AML371-D34_TTGGTTCCCGCN	20711	14465	8798	1870	891	-0.34	no			normal	unclear	HSC	0.235	0.235	0.049	0.01	0.012	0.021	0.043	0.111	0.043	0.055	0.043	0.031	0.048	0.045	0.019
AML371-D34_TTTGGTTCATCN	71974	49260	35039	6721	2234	-0.123	no			normal	normal	lateEry	0.023	0.025	0.023	0.009	0.006	0.01	0.008	0.285	0.561	0.021	0.002	0.011	0.006	0.005	0.005
AML371-D34_TTTTTGTAAGTN	19760	14011	9835	2012	1016	-0.048	no			malignant	unclear	Mono	0.014	0.035	0.05	0.243	0.252	0.149	0.065	0.031	0.011	0.03	0.027	0.029	0.023	0.019	0.022
AML371-D34_AACCGATAAAGG	10597	6749	4787	1122	589	-0.454	no			normal	unclear	HSC	0.15	0.142	0.106	0.029	0.019	0.021	0.045	0.086	0.031	0.067	0.052	0.08	0.073	0.065	0.034
AML371-D34_AGGCCTAGAGTG	22792	14767	7899	2121	896	-0.324	no			normal	unclear	HSC	0.213	0.2	0.063	0.017	0.009	0.016	0.046	0.136	0.033	0.091	0.04	0.025	0.066	0.025	0.02
AML371-D34_CGTTTGGACTAG	16164	10039	7011	1198	579	-0.431	no			normal	normal	pDC	0.081	0.077	0.042	0.036	0.042	0.165	0.168	0.041	0.017	0.037	0.093	0.036	0.08	0.053	0.032
AML371-D34_GCGCAAGATCCG	38522	24752	14697	2636	1092	-0.375	no			normal	unclear	Prog	0.255	0.26	0.088	0.019	0.015	0.038	0.049	0.092	0.015	0.065	0.026	0.006	0.032	0.027	0.013
AML371-D34_GGGTTATCAGTT	28325	19543	12072	2193	1036	-0.611	no			normal	unclear	ProMono	0.025	0.033	0.177	0.356	0.112	0.109	0.033	0.026	0.008	0.019	0.028	0.013	0.019	0.03	0.012
AML371-D34_TCATTAGTGAGA	37519	24373	16709	4385	1905	-0.083	no			normal	normal	lateEry	0.029	0.037	0.031	0.004	0.004	0.014	0.015	0.277	0.498	0.046	0.01	0.009	0.012	0.007	0.007
AML371-D34_TGATGCTCGCCC	14468	9698	5847	1257	631	-0.421	no			normal	unclear	Mono	0.023	0.021	0.016	0.084	0.486	0.142	0.043	0.012	0.002	0.014	0.05	0.014	0.031	0.042	0.02
AML371-D34_TGGCGTCCAACN	28106	18204	12993	2828	1125	-0.686	no			normal	unclear	GMP	0.135	0.226	0.318	0.039	0.004	0.017	0.039	0.098	0.015	0.044	0.015	0.011	0.015	0.013	0.011
AML371-D34_TGTATTGTTGGG	36385	24181	17507	4231	1834	0.782	yes			normal	normal	lateEry	0.01	0.017	0.015	0.009	0.009	0.01	0.008	0.205	0.681	0.011	0.007	0.003	0.008	0.004	0.003
AML371-D34_TCGTCGTATTGG	17478	10980	7200	2142	886	0.397	yes			normal	unclear	GMP	0.029	0.066	0.573	0.117	0.018	0.016	0.031	0.048	0.007	0.025	0.01	0.021	0.016	0.016	0.007
AML371-D34_AGACCCTGGTTC	12543	8324	5075	1324	630	-0.464	no			malignant	unclear	Mono	0.043	0.024	0.034	0.112	0.347	0.127	0.028	0.03	0.035	0.022	0.052	0.044	0.037	0.042	0.023
AML371-D34_TATCTTTAGCCN	12615	8119	5762	1396	748	-0.502	no			normal	normal	B	0.061	0.046	0.051	0.046	0.123	0.125	0.053	0.044	0.016	0.031	0.129	0.027	0.101	0.078	0.069
AML371-D34_TGCAGTCACGGA	14346	9195	6476	1489	648	-0.515	no			malignant	unclear	ProMono	0.072	0.055	0.238	0.29	0.092	0.071	0.018	0.036	0.014	0.018	0.018	0.007	0.024	0.033	0.014
AML371-D34_TTCGTATATGCC	12709	8159	5785	1486	912	0.407	yes			normal	normal	earlyEry	0.058	0.072	0.034	0.016	0.009	0.026	0.045	0.283	0.283	0.071	0.02	0.023	0.027	0.016	0.017
AML371-D34_TTCTTTCCATCC	11043	7620	5357	1224	604	-0.169	no			normal	normal	CTL	0.032	0.043	0.016	0.012	0.004	0.016	0.021	0.04	0.008	0.027	0.07	0.014	0.184	0.328	0.185
AML371-D34_TTAAAGCCCGTT	19840	12354	8455	2387	925	-0.519	no			malignant	unclear	ProMono	0.046	0.035	0.202	0.359	0.081	0.112	0.042	0.03	0.012	0.013	0.015	0.009	0.017	0.015	0.012
AML371-D34_GCTAAAGGAACT	14461	9245	6466	1129	607	-0.435	no			normal	unclear	Mono	0.027	0.031	0.034	0.101	0.245	0.168	0.046	0.028	0.025	0.012	0.05	0.035	0.078	0.078	0.042
AML371-D34_AACGAACTTGCN	21031	13198	8695	2053	786	-0.578	no			normal	unclear	GMP	0.092	0.096	0.255	0.137	0.065	0.035	0.046	0.074	0.011	0.016	0.023	0.029	0.056	0.04	0.025
AML371-D34_CTCGCCGCAACN	14422	8993	6315	1067	593	-0.478	no			malignant	unclear	cDC	0.054	0.054	0.045	0.041	0.092	0.113	0.05	0.059	0.018	0.046	0.106	0.06	0.089	0.112	0.061
AML371-D34_GGCAGCGCAATN	25315	15421	10047	1510	686	-0.49	no			normal	unclear	cDC	0.055	0.044	0.058	0.078	0.129	0.275	0.06	0.031	0.009	0.018	0.094	0.069	0.032	0.022	0.026
AML371-D34_TAGTTTGAAGCN	10521	6866	4437	1040	550	-0.398	no			normal	unclear	Mono	0.031	0.02	0.032	0.115	0.449	0.142	0.013	0.019	0.007	0.017	0.048	0.011	0.041	0.033	0.022
AML371-D34_TCCGACCTGCGT	9822	6589	3969	1124	704	0.331	no			normal	unclear	Mono	0.06	0.039	0.048	0.167	0.306	0.157	0.026	0.032	0.013	0.036	0.035	0.017	0.023	0.029	0.012
AML371-D34_TGTGGCCGCACG	13077	7831	5102	1472	623	-0.444	no			normal	normal	T	0.104	0.096	0.034	0.013	0.011	0.027	0.034	0.077	0.017	0.07	0.069	0.014	0.22	0.153	0.061
AML371-D34_AACCAATGCTGG	75933	54018	38850	3018	1325	0.028	no			normal	unclear	Mono	0.027	0.034	0.045	0.247	0.277	0.223	0.016	0.029	0.018	0.014	0.016	0.009	0.017	0.01	0.018
AML371-D34_AAGCAGAATGTT	39978	28977	13771	1553	855	-0.087	no			normal	unclear	GMP	0.089	0.125	0.251	0.061	0.02	0.03	0.053	0.105	0.071	0.058	0.032	0.019	0.024	0.029	0.033
AML371-D34_AATTAATTTTTN	32340	23111	15306	1386	579	-0.381	no			normal	normal	T	0.075	0.059	0.017	0.002	0.011	0.012	0.012	0.053	0.007	0.029	0.084	0.012	0.392	0.157	0.078
AML371-D34_ACAGCGTGGAAN	42889	29345	20882	1743	744	-0.465	no			normal	unclear	HSC	0.251	0.193	0.058	0.009	0.003	0.022	0.043	0.109	0.018	0.074	0.067	0.025	0.066	0.045	0.017
AML371-D34_AGATAAAGTATN	30034	20796	9534	1169	545	-0.377	no			normal	normal	T	0.059	0.037	0.016	0.013	0.015	0.014	0.027	0.058	0.075	0.057	0.063	0.018	0.299	0.176	0.073
AML371-D34_AGCGACTATGTT	28365	20674	11163	1167	589	-0.389	no			normal	normal	T	0.102	0.061	0.027	0.009	0.008	0.018	0.034	0.077	0.02	0.044	0.1	0.032	0.288	0.135	0.045
AML371-D34_AGGACTCTCAGT	29309	21788	12192	1091	645	-0.419	no			normal	normal	NK	0.055	0.06	0.037	0.016	0.008	0.025	0.035	0.043	0.016	0.022	0.081	0.025	0.083	0.205	0.289
AML371-D34_AGGCTTTCTGAT	85370	64759	35247	3376	1489	1.382	yes			normal	normal	lateEry	0.024	0.059	0.05	0.025	0.013	0.018	0.019	0.332	0.339	0.061	0.013	0.02	0.014	0.01	0.003
AML371-D34_AGTAGCTTAGAA	41828	29650	22652	1769	756	-0.026	no			normal	unclear	Prog	0.151	0.162	0.053	0.028	0.023	0.085	0.076	0.102	0.023	0.087	0.072	0.021	0.047	0.053	0.017
AML371-D34_ATTAAGCCCAGN	33130	22957	15913	1413	669	0.075	no			normal	normal	lateEry	0.032	0.038	0.073	0.085	0.058	0.062	0.068	0.099	0.215	0.029	0.073	0.029	0.054	0.057	0.028
AML371-D34_CAACAGCGAAAN	70662	51724	34054	2065	1060	-0.477	no			normal	normal	HSC	0.11	0.056	0.05	0.049	0.086	0.086	0.089	0.066	0.031	0.037	0.065	0.078	0.095	0.065	0.037
AML371-D34_CAAGCACATGTN	40727	30610	20146	2122	1016	-0.39	no			normal	normal	pDC	0.057	0.065	0.027	0.017	0.015	0.034	0.181	0.059	0.017	0.064	0.082	0.05	0.162	0.121	0.049
AML371-D34_CACAAGAGTTAN	147085	112026	53669	7767	2378	2.048	yes			normal	normal	lateEry	0.017	0.014	0.011	0.008	0.007	0.01	0.022	0.139	0.676	0.022	0.008	0.044	0.009	0.009	0.004
AML371-D34_CCTTCCGAATGN	53271	40377	24815	1491	682	-0.219	no			normal	normal	T	0.115	0.072	0.031	0.009	0.014	0.02	0.026	0.033	0.014	0.034	0.104	0.034	0.225	0.201	0.068
AML371-D34_CGTCATTTGATG	208210	153481	97489	6183	2034	0.355	yes			normal	unclear	GMP	0.105	0.129	0.246	0.122	0.045	0.083	0.039	0.094	0.026	0.033	0.016	0.009	0.022	0.017	0.014
AML371-D34_CGTTAATGCTCC	44408	32399	25439	1669	785	-0.219	no			malignant	unclear	Mono	0.038	0.035	0.05	0.161	0.23	0.106	0.05	0.051	0.03	0.029	0.053	0.039	0.048	0.054	0.026
AML371-D34_CTAGTAGATCAN	39251	29813	17186	1153	560	0.204	no			normal	normal	CTL	0.115	0.072	0.072	0.058	0.063	0.07	0.024	0.068	0.026	0.041	0.056	0.025	0.119	0.145	0.046
AML371-D34_GAACGTGCACAA	34074	25457	16406	1206	651	-0.184	no			normal	unclear	Mono	0.049	0.031	0.021	0.09	0.53	0.066	0.019	0.031	0.032	0.009	0.028	0.013	0.033	0.026	0.022
AML371-D34_GATGGTGGCATG	63621	45833	35447	1921	849	0.581	yes			normal	normal	lateEry	0.042	0.039	0.026	0.01	0.004	0.011	0.02	0.242	0.478	0.051	0.011	0.025	0.015	0.013	0.013
AML371-D34_GCCCGGATCCCN	56065	42094	27248	3642	1487	0.355	yes			normal	unclear	Mono	0.002	0.011	0.018	0.193	0.597	0.093	0.007	0.02	0.009	0.01	0.008	0.006	0.012	0.008	0.006
AML371-D34_GGTCGAATCGCT	72786	54731	40963	2533	1109	0.533	yes			normal	unclear	Mono	0.016	0.028	0.059	0.21	0.282	0.147	0.02	0.049	0.016	0.018	0.022	0.015	0.027	0.041	0.05
AML371-D34_GGTTGTATGATT	56121	41621	31985	2730	1117	0.222	no			normal	normal	earlyEry	0.119	0.16	0.085	0.011	0.003	0.018	0.027	0.319	0.083	0.066	0.032	0.012	0.03	0.022	0.013
AML371-D34_GGTTTATCACAG	91173	66778	42783	3140	1147	-0.015	no			normal	unclear	HSC	0.273	0.266	0.083	0.017	0.014	0.024	0.037	0.076	0.019	0.048	0.027	0.018	0.044	0.026	0.028
AML371-D34_GTTTGGCGCAGN	35188	25241	18625	1154	521	0.168	no			normal	normal	lateEry	0.05	0.061	0.142	0.095	0.043	0.042	0.02	0.104	0.198	0.024	0.041	0.022	0.065	0.059	0.034
AML371-D34_TACGTGTTCGAT	83490	59484	34513	3689	1300	0.963	yes			normal	normal	lateEry	0.014	0.013	0.013	0.012	0.009	0.015	0.014	0.129	0.711	0.02	0.009	0.013	0.01	0.011	0.007
AML371-D34_TACTTCGGAAGC	99811	76061	44167	3619	1468	1.251	yes			normal	normal	earlyEry	0.03	0.054	0.046	0.02	0.005	0.016	0.022	0.399	0.288	0.059	0.011	0.015	0.012	0.01	0.013
AML371-D34_TATAAGTTTTCA	57269	41415	28903	1683	659	-0.476	no			normal	normal	T	0.13	0.084	0.039	0.015	0.021	0.04	0.058	0.069	0.043	0.036	0.117	0.025	0.202	0.083	0.038
AML371-D34_TATGCAGGATGG	70786	50887	39775	3073	1200	-0.3	no			normal	unclear	ProMono	0.033	0.064	0.208	0.301	0.075	0.095	0.062	0.035	0.013	0.018	0.024	0.018	0.025	0.018	0.011
AML371-D34_TCGAAACAATAG	37889	27563	21088	1329	675	0.245	no			normal	unclear	cDC	0.079	0.123	0.078	0.095	0.111	0.134	0.043	0.076	0.037	0.052	0.055	0.017	0.039	0.032	0.029
AML371-D34_TTCACTGTTAAT	30540	23143	13418	1186	625	-0.374	no			normal	normal	NK	0.045	0.047	0.021	0.012	0.019	0.019	0.035	0.044	0.02	0.032	0.072	0.037	0.1	0.227	0.27
AML371-D34_TTCCGTGGAACG	62606	45710	35096	1928	823	0.341	yes			normal	unclear	ProMono	0.006	0.017	0.056	0.371	0.298	0.079	0.013	0.01	0.008	0.012	0.032	0.011	0.032	0.036	0.019
AML371-D34_TTTGTTAAGATG	57155	43021	19234	1535	685	-0.423	no			normal	normal	T	0.066	0.043	0.022	0.011	0.017	0.014	0.03	0.057	0.091	0.039	0.088	0.035	0.251	0.14	0.096
AML371-D34_AGACATATCCGN	17069	12841	8295	1386	682	-0.203	no			normal	unclear	Mono	0.06	0.048	0.047	0.07	0.209	0.128	0.031	0.024	0.016	0.025	0.101	0.039	0.113	0.065	0.024
AML371-D34_AGTTCGCTCTAT	14970	10664	7305	1002	503	0.954	yes			normal	normal	lateEry	0.022	0.028	0.023	0.007	0.009	0.017	0.026	0.105	0.645	0.028	0.02	0.017	0.021	0.02	0.012
AML371-D34_ATGCGGCAGTAN	40295	29759	22127	3210	1290	0.495	yes			normal	normal	lateEry	0.005	0.016	0.019	0.01	0.007	0.007	0.006	0.107	0.779	0.015	0.005	0.009	0.006	0.007	0.002
AML371-D34_CGTTCGAAATCT	22240	17205	12433	1444	679	-0.409	no			malignant	unclear	Mono	0.052	0.034	0.037	0.101	0.285	0.158	0.041	0.029	0.015	0.026	0.062	0.025	0.045	0.054	0.036
AML371-D34_GAAAGCCACTAC	134148	97573	77130	8500	2382	0.955	yes			normal	normal	lateEry	0.004	0.006	0.008	0.002	0.005	0.003	0.013	0.07	0.862	0.009	0.005	0.008	0.001	0.003	0.001
AML371-D34_GGAACCGTAACG	24643	18822	14760	1570	837	0.216	no			normal	normal	lateEry	0.054	0.053	0.027	0.01	0.007	0.006	0.068	0.269	0.326	0.078	0.036	0.015	0.019	0.016	0.016
AML371-D34_GTACTGGCCGGA	20672	15871	10940	1241	634	-0.196	no			normal	unclear	ProMono	0.045	0.035	0.096	0.24	0.144	0.148	0.067	0.042	0.016	0.019	0.035	0.013	0.033	0.039	0.028
AML371-D34_TATTTCGTCTGG	25379	19458	10439	1200	545	0.245	no			normal	normal	T	0.066	0.047	0.02	0.006	0.011	0.027	0.025	0.062	0.021	0.066	0.095	0.011	0.34	0.166	0.037
AML371-D34_CAGACGCGGTCA	23413	17536	10420	1115	535	-0.372	no			normal	normal	CTL	0.026	0.031	0.015	0.011	0.015	0.018	0.052	0.025	0.011	0.041	0.119	0.022	0.204	0.311	0.099
AML371-D34_GCTAGACTTATG	22081	16695	9762	1068	527	-0.421	no			normal	normal	CTL	0.05	0.062	0.036	0.019	0.015	0.028	0.032	0.067	0.045	0.046	0.102	0.023	0.209	0.211	0.055
AML371-D34_CCAAAGATCATC	29602	21963	13617	1465	639	-0.377	no			normal	normal	T	0.069	0.041	0.017	0.007	0.007	0.016	0.033	0.035	0.014	0.037	0.139	0.036	0.36	0.14	0.049
AML371-D34_CCCATGTCAGAG	59368	44121	32063	4323	1704	0.298	no			normal	unclear	cDC	0.043	0.049	0.066	0.107	0.069	0.388	0.103	0.053	0.009	0.036	0.018	0.006	0.024	0.012	0.017
AML371-D34_TTGGTGTCCTAG	35379	26155	18208	2202	888	0.269	no			normal	unclear	Mono	0.024	0.036	0.053	0.27	0.345	0.07	0.028	0.036	0.017	0.024	0.015	0.014	0.03	0.02	0.018
AML371-D34_CAGATGTTCGGG	26970	20297	14867	1930	976	1.148	yes			malignant	unclear	Mono	0.024	0.026	0.044	0.239	0.29	0.135	0.034	0.033	0.014	0.072	0.028	0.011	0.018	0.018	0.014
AML371-D34_ACAGGTATTTTN	16999	12836	9439	1451	664	0.076	no			normal	normal	lateEry	0.05	0.057	0.032	0.015	0.011	0.019	0.06	0.193	0.415	0.046	0.017	0.02	0.032	0.013	0.02
AML371-D34_CAGATATTGGTC	31265	22644	12226	1690	678	-0.362	no			normal	normal	Plasma	0.019	0.021	0.009	0.013	0.017	0.016	0.078	0.023	0.01	0.018	0.058	0.614	0.039	0.042	0.023
AML371-D34_CATAGAACAAAN	17361	13069	7870	1089	684	1.198	yes			normal	normal	earlyEry	0.075	0.086	0.073	0.019	0.014	0.029	0.041	0.246	0.139	0.07	0.038	0.023	0.063	0.063	0.021
AML371-D34_CATATGAACAAA	61623	46493	28428	3587	1625	1.049	yes			normal	normal	earlyEry	0.042	0.069	0.05	0.021	0.006	0.02	0.022	0.367	0.232	0.072	0.015	0.031	0.02	0.019	0.014
AML371-D34_GCTGGCATCTCN	17683	13307	7299	1089	515	-0.377	no			normal	normal	CTL	0.107	0.054	0.026	0.007	0.013	0.024	0.03	0.057	0.026	0.044	0.133	0.018	0.187	0.217	0.057
AML371-D34_GTTCCATGGCTN	18475	14325	10304	1134	527	-0.401	no			normal	normal	T	0.093	0.084	0.027	0.01	0.017	0.016	0.039	0.084	0.082	0.043	0.057	0.038	0.241	0.123	0.046
AML371-D34_TTACCACGGGAN	32852	25049	19201	1956	894	0.037	no			normal	unclear	GMP	0.027	0.072	0.206	0.199	0.063	0.071	0.034	0.072	0.121	0.032	0.017	0.023	0.023	0.021	0.019
AML371-D34_TTTCTGAGTGAN	41271	32146	23592	2416	1082	0.424	yes			normal	unclear	Mono	0.028	0.022	0.049	0.311	0.399	0.068	0.017	0.025	0.01	0.013	0.014	0.011	0.013	0.013	0.007
